0 3
0 4
0 6
0 8
0 9
1 5
1 8
2 6
2 26
3 4
3 5
3 6
4 5
4 7
5 6
5 8
6 8
6 9
7 9
7 44
8 9
8 23
9 20
10 11
10 12
10 15
11 16
11 18
11 43
12 13
12 14
12 15
12 18
12 19
14 16
14 18
14 40
16 18
16 36
17 28
20 22
20 23
20 25
20 27
20 28
20 30
20 35
20 39
20 40
20 42
20 43
21 22
21 23
21 24
21 27
21 28
21 29
21 30
21 31
21 33
21 34
21 36
21 37
21 39
21 40
21 44
22 25
22 28
22 29
22 31
22 32
22 33
22 34
22 37
22 38
22 40
22 42
22 44
23 24
23 25
23 26
23 28
23 29
23 30
23 35
23 36
23 38
23 39
23 40
23 41
23 43
24 26
24 27
24 29
24 31
24 32
24 33
24 34
24 36
24 40
24 41
24 42
25 27
25 30
25 33
25 35
25 36
25 38
25 41
25 42
26 27
26 29
26 31
26 32
26 33
26 34
26 37
26 40
26 42
26 43
26 44
27 33
27 40
27 42
27 44
28 29
28 30
28 33
28 35
28 36
28 38
28 39
28 41
28 42
28 43
28 44
29 30
29 32
29 33
29 34
29 35
29 36
29 38
29 41
29 42
29 44
30 31
30 36
30 39
30 40
30 42
30 43
30 44
31 33
31 34
31 37
31 38
31 40
31 42
31 43
31 44
32 36
32 38
32 39
32 40
32 41
32 43
32 44
33 34
33 35
33 37
33 40
33 41
33 44
34 36
34 37
34 38
34 40
34 42
34 43
35 38
35 39
35 40
36 38
36 39
36 41
36 42
36 43
36 44
37 39
37 40
37 41
39 43
40 43
41 42
43 44
