0 1
0 8
0 24
0 39
0 70
0 75
0 77
0 87
0 142
0 177
0 206
0 224
0 258
0 267
1 19
1 35
1 37
1 64
1 71
1 82
1 91
1 97
1 99
1 161
1 211
1 222
1 250
1 258
1 276
2 22
2 24
2 26
2 38
2 44
2 47
2 100
2 108
2 121
2 173
2 181
2 195
2 223
2 234
3 40
3 67
3 71
3 74
3 81
3 86
3 94
3 171
3 173
3 185
3 215
3 266
4 7
4 11
4 14
4 15
4 16
4 20
4 43
4 61
4 84
4 86
4 88
4 91
4 127
4 170
4 182
4 183
4 215
4 231
4 257
5 9
5 16
5 28
5 51
5 55
5 58
5 62
5 63
5 88
5 125
5 245
5 266
5 283
6 12
6 22
6 25
6 28
6 45
6 57
6 72
6 96
6 108
6 125
6 163
6 299
7 35
7 51
7 54
7 57
7 61
7 68
7 233
8 15
8 25
8 34
8 43
8 86
8 93
8 96
8 98
8 178
8 183
8 246
9 11
9 29
9 30
9 42
9 51
9 53
9 59
9 63
9 68
9 72
9 115
9 216
10 31
10 39
10 58
10 66
10 240
10 285
11 18
11 21
11 36
11 42
11 46
11 49
11 50
11 54
11 58
11 61
11 74
11 76
11 87
11 93
11 97
11 98
11 181
11 188
11 277
12 18
12 32
12 34
12 44
12 55
12 68
12 76
12 78
12 86
12 183
12 225
12 257
12 281
13 28
13 32
13 37
13 49
13 50
13 76
13 80
13 92
13 96
13 142
13 181
13 187
13 199
13 234
14 26
14 60
14 65
14 76
14 78
14 80
14 82
14 85
14 109
14 127
14 178
14 206
14 217
14 218
14 239
14 274
14 277
15 21
15 67
15 73
15 83
15 88
15 99
15 123
15 129
15 143
16 17
16 35
16 40
16 42
16 44
16 95
16 99
16 136
17 49
17 51
17 58
17 59
17 66
17 81
17 83
17 84
17 90
17 97
17 103
17 117
17 179
17 181
17 184
17 203
17 245
17 288
18 19
18 30
18 42
18 49
18 53
18 88
18 90
18 98
18 242
18 254
18 262
19 41
19 44
19 58
19 71
19 74
19 79
19 85
19 97
19 125
19 129
19 153
19 232
19 283
20 26
20 28
20 34
20 63
20 69
20 70
20 74
20 87
20 100
20 148
20 213
20 290
20 291
21 25
21 33
21 47
21 50
21 57
21 65
21 83
21 92
21 93
21 101
21 155
21 205
21 233
21 281
22 23
22 28
22 38
22 48
22 50
22 51
22 56
22 59
22 73
22 80
22 118
22 276
22 294
23 29
23 33
23 53
23 61
23 74
23 97
23 129
23 200
23 218
24 50
24 56
24 77
24 88
24 89
24 123
24 180
24 222
25 31
25 42
25 62
25 82
25 85
25 91
25 124
25 211
26 29
26 30
26 34
26 39
26 44
26 48
26 51
26 52
26 59
26 73
26 75
26 76
26 78
26 96
26 114
26 173
26 205
26 225
26 281
26 285
27 42
27 50
27 58
27 80
27 84
27 85
27 88
27 96
27 98
27 292
28 30
28 64
28 87
28 96
28 98
28 99
28 104
28 111
28 118
28 170
28 180
29 45
29 65
29 68
29 79
29 81
29 87
29 92
29 96
29 188
29 242
29 267
30 32
30 46
30 48
30 60
30 68
30 86
30 99
30 142
30 145
30 222
30 228
30 254
31 45
31 48
31 51
31 54
31 55
31 58
31 59
31 84
31 96
31 148
31 232
31 251
31 291
31 296
32 36
32 40
32 57
32 72
32 96
32 127
32 186
32 251
32 292
33 34
33 52
33 81
33 207
33 210
33 212
33 284
34 39
34 43
34 65
34 66
34 79
34 84
34 86
34 90
34 116
34 144
34 169
34 238
34 261
35 56
35 63
35 129
35 152
35 199
35 204
35 222
35 294
36 41
36 42
36 48
36 50
36 68
36 78
36 90
36 99
36 107
36 195
36 262
37 42
37 46
37 73
37 118
37 146
37 154
37 285
37 287
38 45
38 51
38 68
38 89
38 93
38 138
38 149
39 53
39 57
39 91
39 97
39 122
39 202
39 231
40 69
40 71
40 95
40 97
40 279
40 298
41 52
41 65
41 85
41 87
41 97
41 99
41 149
41 242
42 54
42 81
42 84
42 98
42 138
42 158
42 160
42 192
42 284
42 296
43 46
43 51
43 63
43 64
43 70
43 94
43 114
43 243
44 85
44 86
44 94
44 145
44 156
45 52
45 53
45 66
45 68
45 69
45 99
45 151
45 205
45 284
45 290
46 83
46 91
46 95
46 124
46 152
46 156
46 212
46 238
46 297
47 49
47 63
47 77
47 85
47 222
47 229
47 250
47 254
47 256
47 261
47 282
48 61
48 66
48 70
48 95
48 106
48 138
48 237
48 241
48 251
48 252
48 271
48 280
49 51
49 54
49 61
49 63
49 98
49 213
49 216
49 217
49 286
50 51
50 81
50 84
50 103
50 123
50 244
50 278
51 53
51 67
51 77
51 83
51 94
51 99
51 205
51 243
51 265
52 63
52 68
52 76
52 77
52 87
52 94
52 99
52 104
52 161
52 217
52 265
52 278
52 291
52 296
53 75
53 80
53 103
53 128
53 153
53 230
54 70
54 72
54 95
54 176
55 60
55 61
55 65
55 72
55 86
55 94
55 97
55 137
55 188
55 200
55 217
56 59
56 60
56 82
56 89
56 90
56 96
56 110
56 233
57 59
57 67
57 74
57 152
57 268
58 84
58 89
58 95
58 97
58 133
59 64
59 68
59 80
59 90
59 95
59 97
59 99
59 126
59 148
59 187
59 214
59 222
59 275
60 77
60 81
60 90
60 97
60 107
60 156
60 208
60 217
60 265
61 69
61 73
61 84
61 87
61 96
61 107
61 177
61 216
61 237
61 294
62 63
62 72
62 89
62 119
62 127
62 133
62 136
62 200
62 277
63 87
63 99
63 130
63 133
63 151
63 177
63 267
63 270
63 286
64 65
64 96
64 98
64 116
64 117
64 170
64 179
65 87
65 113
65 172
65 267
65 273
66 79
66 80
66 84
66 89
66 95
66 104
66 135
66 159
66 178
66 183
66 252
66 273
67 70
67 98
67 233
67 254
67 280
68 76
68 103
68 155
68 165
68 180
68 182
69 79
69 95
69 184
69 222
69 286
70 78
70 85
70 92
70 153
70 168
70 190
70 210
70 237
71 78
71 87
71 196
71 234
71 270
72 76
72 86
72 98
72 147
72 169
72 233
72 281
73 74
73 75
73 79
73 166
74 86
74 204
74 293
75 83
75 92
75 93
75 108
75 158
75 172
75 211
75 239
76 79
76 87
76 89
76 92
76 105
76 110
76 144
76 156
76 157
76 191
76 236
76 252
76 263
76 285
77 85
77 88
77 161
77 170
77 215
77 287
78 79
78 82
78 88
78 90
78 94
78 99
78 134
78 136
78 169
78 198
78 225
78 231
78 257
79 193
79 210
80 83
80 85
80 144
80 149
80 202
80 274
81 82
81 95
81 96
81 99
81 100
81 111
81 117
81 201
81 207
81 218
81 287
81 292
82 93
82 222
82 223
83 123
83 258
83 286
84 98
84 137
84 186
84 187
84 246
84 295
85 86
85 96
85 210
85 237
85 254
86 108
86 125
86 157
87 92
87 169
87 277
88 96
88 99
88 123
88 130
88 148
88 240
88 250
88 278
88 292
88 298
89 135
89 169
89 236
89 255
90 93
90 137
90 246
90 274
90 296
91 296
92 119
92 125
92 157
92 159
92 233
92 252
93 98
93 111
93 149
93 294
94 99
94 165
94 184
94 239
95 101
95 141
95 251
95 278
96 103
96 112
96 248
97 136
97 171
97 299
98 111
98 119
98 141
98 186
98 252
98 258
98 265
99 133
99 152
99 167
99 169
99 197
100 104
100 127
100 128
100 129
100 132
100 146
100 150
100 152
100 154
100 159
100 183
100 187
100 256
101 106
101 108
101 112
101 113
101 142
101 171
101 173
101 196
101 200
101 211
101 215
102 108
102 129
102 132
102 142
102 159
102 162
102 167
102 174
102 181
102 183
102 184
102 228
102 260
102 274
103 112
103 133
103 141
103 144
103 154
103 163
103 169
103 170
103 178
103 185
103 209
103 224
103 251
103 256
104 106
104 109
104 119
104 146
104 157
104 187
104 191
104 225
104 227
105 115
105 122
105 123
105 125
105 133
105 143
105 166
105 180
105 222
105 295
106 136
106 142
106 147
106 160
106 173
106 176
106 177
106 275
106 287
107 109
107 128
107 132
107 144
107 151
107 156
107 179
107 260
107 266
108 109
108 136
108 138
108 148
108 157
108 159
108 166
108 172
108 270
109 116
109 135
109 137
109 139
109 141
109 145
109 176
109 186
110 116
110 120
110 127
110 144
110 156
110 161
110 174
110 189
110 196
110 217
111 120
111 122
111 127
111 128
111 143
111 145
111 147
111 153
111 155
111 163
111 188
111 190
111 199
111 259
112 126
112 132
112 144
112 162
112 166
112 180
112 189
112 245
112 283
113 119
113 130
113 136
113 137
113 147
113 179
113 187
113 215
113 260
114 131
114 134
114 152
114 154
114 155
114 165
114 167
114 175
114 187
114 237
114 266
115 125
115 132
115 139
115 145
115 154
115 183
115 199
115 260
115 261
116 121
116 138
116 147
116 152
116 159
116 163
116 171
116 178
116 180
116 185
116 190
116 213
116 275
117 122
117 130
117 142
117 144
117 145
117 195
117 222
117 229
117 258
117 279
117 285
118 123
118 130
118 132
118 137
118 141
118 145
118 156
118 167
118 178
118 187
118 188
118 196
118 208
118 250
119 147
119 148
119 154
119 155
119 159
119 184
119 191
119 199
119 214
119 255
119 296
120 167
120 187
120 188
121 131
121 140
121 142
121 145
121 149
121 159
121 213
121 259
121 283
122 123
122 126
122 129
122 138
122 141
122 152
122 156
122 161
122 168
122 182
122 184
122 186
122 187
122 195
122 202
123 129
123 143
123 145
123 148
123 155
123 189
123 197
124 142
124 146
124 157
124 158
124 163
124 165
124 187
125 185
125 187
125 242
125 272
126 130
126 145
126 151
126 152
126 187
126 227
126 271
127 146
127 152
127 166
127 184
127 231
127 265
128 132
128 138
128 140
128 143
128 152
128 160
128 174
128 180
128 184
128 189
128 190
128 201
128 240
129 132
129 161
129 162
129 170
129 181
129 184
129 187
129 211
129 268
130 134
130 178
130 182
130 184
130 187
130 193
130 195
130 243
131 132
131 156
131 170
131 173
131 180
131 186
131 188
131 198
131 240
131 262
131 284
132 145
132 160
132 167
132 190
132 195
132 198
132 199
132 221
132 272
133 142
133 147
133 151
133 152
133 172
133 181
133 192
133 198
134 136
134 143
134 183
135 154
135 179
135 200
135 208
135 220
135 224
135 270
136 143
136 166
136 170
136 177
136 180
136 185
136 188
136 190
136 221
136 228
137 139
137 142
137 145
137 149
137 165
137 167
137 177
137 182
137 184
137 190
137 196
137 247
137 249
137 255
138 154
138 156
138 168
138 180
138 185
138 190
138 295
139 143
139 147
139 152
139 156
139 165
139 183
139 254
139 265
139 281
139 286
139 289
140 160
140 177
140 182
140 192
140 193
140 257
140 299
141 150
141 159
141 163
141 169
141 189
141 195
141 217
141 255
142 152
142 160
142 177
142 196
142 197
142 207
142 227
142 229
143 148
143 149
143 151
143 164
143 169
143 173
143 199
143 203
144 145
144 147
144 161
144 167
144 170
144 177
144 179
144 182
144 198
144 204
144 212
144 233
144 261
144 264
144 270
144 291
145 160
145 169
145 185
145 189
145 230
146 147
146 165
146 178
146 186
146 191
146 231
147 148
147 161
147 172
147 179
147 273
148 158
148 177
148 183
148 185
148 188
148 193
148 195
148 198
148 254
148 269
149 160
149 189
149 285
150 154
150 158
150 171
150 174
150 183
150 190
150 192
150 196
150 210
150 231
151 171
151 176
151 291
152 158
152 178
152 182
152 298
153 165
153 175
153 189
153 218
154 157
154 164
154 167
154 173
154 183
154 185
155 158
155 162
155 174
155 183
155 190
155 191
155 197
155 267
156 178
156 181
156 182
156 184
156 187
156 191
156 198
156 247
156 274
156 279
157 171
157 175
157 176
157 192
157 193
157 196
157 216
158 174
159 160
159 172
159 184
159 185
159 193
159 234
159 272
160 162
160 164
160 167
160 169
160 173
160 175
160 182
160 183
160 199
160 293
161 180
161 188
161 194
161 196
161 283
162 173
162 181
162 196
162 199
162 208
162 267
162 280
162 292
163 165
163 177
163 181
163 183
163 189
163 258
163 283
164 166
164 181
164 190
164 194
164 198
165 176
165 183
166 175
166 180
166 189
166 201
166 267
167 169
167 189
167 196
167 197
167 228
167 280
168 169
168 183
168 199
168 271
169 172
169 221
169 237
169 269
170 172
170 199
170 271
171 175
171 176
171 237
172 181
172 298
173 175
173 188
173 192
174 188
174 195
174 263
175 181
175 193
175 200
175 207
175 272
176 190
176 192
176 199
176 205
177 207
177 221
177 250
177 266
177 297
178 191
178 198
178 221
178 283
179 188
179 209
179 254
179 270
180 182
180 185
180 186
180 187
180 252
181 194
181 204
181 221
181 241
181 268
182 197
182 250
183 200
184 188
184 203
184 246
185 194
185 222
186 189
187 246
188 191
188 192
188 212
188 224
188 276
188 285
190 264
190 285
190 298
191 255
191 256
191 274
191 282
191 287
192 196
192 260
192 266
194 199
194 212
194 246
194 274
194 291
195 196
195 208
196 197
196 214
197 212
197 240
197 253
197 260
197 277
198 199
198 211
199 271
199 279
200 201
200 204
200 206
200 217
200 230
200 232
200 234
200 253
200 280
201 203
201 208
201 218
201 219
201 226
201 229
201 236
201 237
201 257
201 274
201 284
202 218
202 240
202 243
202 252
202 292
202 293
202 297
203 218
203 227
203 234
203 238
203 239
203 255
203 262
203 264
203 272
204 220
204 227
204 244
204 245
204 252
204 276
204 288
204 294
204 298
205 206
205 217
205 219
205 226
205 236
205 242
205 280
205 285
205 287
205 288
205 290
205 298
206 213
206 220
206 222
206 227
206 240
206 265
206 266
206 275
206 291
207 210
207 212
207 219
207 220
207 224
207 225
207 232
207 240
207 256
207 258
207 260
207 267
207 268
207 270
207 275
207 278
207 289
207 293
207 295
208 213
208 221
208 225
208 232
208 245
208 247
208 265
208 268
208 273
208 277
208 279
208 289
209 211
209 214
209 215
209 223
209 237
209 240
209 243
209 248
209 265
209 275
210 222
210 224
210 250
210 259
210 267
210 284
211 213
211 214
211 236
211 247
211 275
211 294
211 298
212 218
212 224
212 230
212 232
212 237
212 242
212 251
212 254
212 272
212 277
212 281
212 291
212 293
212 296
213 215
213 227
213 239
213 241
213 246
213 248
213 253
213 265
213 274
213 284
213 294
214 226
214 229
214 238
214 253
214 255
214 283
215 225
215 231
215 237
215 238
215 243
215 255
215 257
215 268
215 274
215 295
216 258
216 267
216 269
216 278
216 288
216 298
216 299
217 218
217 227
217 229
217 234
217 237
217 245
217 250
217 265
217 275
217 288
217 291
217 293
218 248
218 249
218 286
219 228
219 250
219 257
219 262
219 266
219 273
219 276
219 277
219 280
219 282
219 288
219 295
219 296
219 298
220 261
220 266
220 281
220 283
220 290
220 294
221 230
221 251
221 253
221 256
221 258
221 274
221 279
221 284
221 296
222 224
222 228
222 230
222 238
222 242
222 272
222 284
223 243
223 253
223 257
223 271
224 228
224 235
224 236
224 246
224 270
224 293
225 227
225 235
225 241
225 251
225 255
225 262
225 264
225 275
225 277
225 278
225 284
225 290
225 299
226 233
226 258
226 261
226 266
226 275
226 276
226 284
226 288
227 230
227 232
227 233
227 247
227 251
227 262
227 269
227 294
228 229
228 230
228 262
228 266
228 284
229 251
229 256
229 257
229 267
230 244
230 253
230 256
230 259
230 266
230 277
230 279
230 292
231 246
231 261
231 280
232 233
232 257
232 261
232 262
232 267
232 270
232 276
232 282
232 293
232 297
233 234
233 240
233 255
233 276
233 282
233 298
234 239
234 267
234 269
234 281
234 292
234 294
235 242
235 265
235 268
235 272
235 278
235 281
235 296
235 298
236 241
236 244
236 257
236 264
236 265
236 283
236 290
236 296
237 243
237 250
237 255
237 258
237 268
237 274
237 291
237 298
238 249
238 252
238 255
238 256
238 286
239 266
239 291
240 243
240 246
240 247
240 248
240 256
240 271
240 286
240 289
240 292
240 293
241 264
241 281
242 243
242 253
242 255
242 256
242 293
242 295
243 259
243 277
243 290
243 292
244 251
244 252
244 281
244 287
245 253
245 292
246 250
246 261
246 262
246 274
246 286
247 249
247 259
247 279
247 280
247 293
247 298
248 256
248 281
249 272
249 279
249 284
250 251
250 265
250 266
250 272
251 257
251 263
251 265
251 299
252 253
252 267
252 274
252 284
253 264
253 267
253 270
253 280
253 286
253 289
253 298
254 256
254 261
254 263
254 284
254 290
255 271
255 288
255 290
255 293
256 259
256 260
256 263
256 272
256 280
256 297
256 299
257 258
257 276
257 285
257 289
258 263
258 265
258 295
259 265
259 266
259 270
259 278
259 285
259 293
261 266
261 268
261 270
261 278
261 292
261 297
262 267
262 269
262 283
262 286
262 292
263 267
263 298
264 280
265 270
265 272
265 295
266 271
266 276
266 283
266 299
267 274
267 283
267 284
268 274
268 295
268 297
269 275
270 283
271 286
271 288
271 293
271 296
271 297
273 299
274 286
274 296
274 297
275 277
275 294
276 278
276 287
276 288
276 297
278 298
279 282
279 286
279 293
281 284
281 298
282 285
282 288
283 290
284 297
285 290
287 289
287 291
288 295
289 293
291 299
293 297
294 298
294 299
295 296
296 299
297 299
298 299
