0 20
0 22
0 25
0 55
0 58
0 103
0 254
1 17
1 24
1 36
1 46
1 55
1 64
1 355
1 376
2 14
2 45
2 54
2 56
2 76
2 119
2 411
3 26
3 85
3 87
3 142
3 190
4 8
4 23
4 31
4 78
4 122
4 172
4 309
4 371
5 16
5 23
5 25
5 29
5 33
5 57
5 73
5 132
5 143
5 169
5 251
6 10
6 26
6 33
6 42
6 45
6 127
6 310
6 392
7 9
7 18
7 21
7 38
7 56
7 58
7 75
7 85
7 87
7 214
7 449
8 9
8 25
8 41
8 53
8 74
8 79
8 96
8 98
9 22
9 35
9 39
9 47
9 87
9 88
9 97
9 101
9 172
9 182
9 192
9 233
9 244
9 263
10 31
10 68
10 71
10 83
10 119
10 175
10 210
10 249
10 333
10 410
10 436
11 24
11 26
11 48
11 51
11 57
11 82
11 87
11 184
11 243
11 262
11 286
11 357
12 19
12 20
12 46
12 61
12 79
12 95
12 97
12 99
12 134
12 145
12 176
12 198
12 213
12 217
12 239
12 287
13 33
13 41
13 91
13 124
13 293
13 354
13 379
13 418
13 422
14 40
14 52
14 232
14 270
14 298
14 314
14 331
14 422
15 16
15 36
15 39
15 41
15 43
15 48
15 55
15 64
15 101
15 152
15 295
16 40
16 72
16 76
16 96
16 312
16 389
16 432
16 444
16 448
17 32
17 39
17 43
17 94
17 96
17 399
18 21
18 35
18 57
18 68
18 73
18 271
18 325
18 442
19 24
19 71
19 84
19 155
19 183
19 436
20 56
20 84
20 95
20 174
21 51
21 72
21 98
21 158
21 194
21 349
21 399
22 49
22 56
22 65
22 80
22 258
22 276
22 358
22 400
23 41
23 46
23 71
23 164
23 165
23 194
23 226
24 29
24 30
24 57
24 85
24 408
25 30
25 37
25 45
25 60
25 92
25 317
25 348
25 388
26 77
26 99
26 105
26 292
26 303
26 400
27 36
27 38
27 44
27 65
27 70
27 72
27 88
27 264
27 292
27 449
28 31
28 95
28 176
29 37
29 48
29 51
29 54
29 59
29 74
29 85
29 119
29 172
29 241
29 251
29 384
29 396
30 43
30 49
30 122
30 400
31 32
31 57
31 64
31 70
31 130
31 201
32 46
32 54
32 59
32 61
32 80
32 91
32 439
33 68
33 89
33 90
33 185
33 440
34 51
34 145
34 168
34 298
34 323
34 412
35 66
35 83
35 102
35 176
35 203
35 293
35 354
35 367
36 43
36 60
36 81
36 122
37 47
37 55
37 62
37 95
37 96
37 101
37 136
37 255
37 355
38 62
38 114
38 310
39 47
39 53
39 95
39 96
39 177
39 218
39 223
39 268
39 300
39 321
39 369
39 404
39 410
39 443
40 71
40 77
40 83
40 270
40 423
41 59
41 95
41 99
41 213
41 398
42 43
42 64
42 78
42 195
42 307
42 345
42 409
43 91
43 137
43 185
43 334
44 46
44 67
44 72
44 92
44 118
44 134
44 277
44 360
45 53
45 60
45 62
45 95
45 166
46 52
46 73
46 78
46 94
46 238
46 367
46 370
46 406
47 55
47 255
47 326
47 329
47 362
48 97
48 124
48 193
48 279
48 280
48 286
48 334
48 433
49 66
49 269
49 346
49 406
50 53
50 67
50 68
50 208
50 226
50 332
51 64
51 142
51 158
51 441
52 82
52 88
52 144
52 261
53 89
53 138
54 66
54 78
54 103
54 159
54 191
54 306
55 57
55 62
55 69
55 76
55 105
55 276
55 336
55 353
56 59
56 109
56 301
56 343
56 346
57 70
57 74
57 96
57 118
57 145
57 255
58 80
58 86
58 95
58 324
58 332
59 75
59 76
59 87
59 172
59 261
59 359
59 360
59 361
59 447
60 62
60 68
60 90
60 163
60 287
60 397
60 445
61 75
61 91
61 101
61 440
62 88
62 307
63 66
63 72
63 79
63 133
63 183
63 225
63 308
63 449
64 126
64 159
64 192
64 204
64 215
64 295
64 351
64 403
65 69
65 76
65 81
65 87
65 92
65 93
65 212
65 280
65 395
66 101
66 120
66 170
66 208
66 232
66 375
66 386
66 436
67 68
67 81
67 90
67 162
67 240
67 279
68 84
68 88
68 209
69 75
69 236
69 325
69 357
70 75
70 217
70 346
70 398
71 80
71 91
71 138
71 177
71 364
71 395
72 77
72 230
72 323
72 388
72 420
73 76
73 121
73 266
73 282
73 392
73 409
74 80
74 81
74 93
74 246
74 281
74 288
74 439
74 441
75 82
75 94
75 98
75 140
75 293
75 332
76 240
76 351
77 265
77 269
77 371
77 384
78 92
78 99
78 139
78 359
78 379
78 411
78 448
79 82
79 89
79 163
79 193
79 343
80 90
80 131
80 188
80 312
80 350
81 94
81 256
81 263
82 85
82 88
82 326
83 92
83 93
83 197
83 389
84 268
84 325
84 371
84 447
85 98
85 288
85 379
86 95
86 135
86 195
86 204
86 239
86 378
87 124
87 133
87 169
87 255
87 439
88 333
89 90
89 98
90 92
90 197
90 265
90 415
91 306
91 315
92 93
92 96
92 212
93 308
93 347
93 366
93 413
94 388
95 169
95 184
95 232
95 254
95 273
95 331
96 172
96 321
96 436
97 99
98 134
98 211
98 249
98 263
98 382
99 207
99 324
99 333
99 372
100 116
100 119
100 131
100 142
100 173
100 202
100 203
100 217
100 227
100 237
100 257
100 266
100 280
100 282
100 304
100 369
101 108
101 124
101 126
101 143
101 177
101 178
101 202
101 203
101 239
101 257
101 303
101 363
102 123
102 129
102 137
102 162
102 183
102 198
102 234
102 236
102 244
102 273
102 353
102 405
103 130
103 165
103 184
103 196
103 210
103 258
103 333
104 130
104 198
104 237
104 257
104 263
104 277
104 311
104 416
105 140
105 149
105 151
105 181
105 239
105 261
105 268
105 289
105 295
105 297
105 309
105 315
105 347
106 124
106 135
106 175
106 253
106 262
106 263
106 270
106 274
107 120
107 140
107 143
107 162
107 164
107 213
107 224
107 233
107 270
107 284
107 285
107 319
107 449
108 186
108 205
108 225
108 235
108 241
108 247
108 258
108 271
108 282
108 292
108 347
109 133
109 144
109 145
109 164
109 176
109 187
109 195
109 224
109 245
109 257
109 258
109 372
110 132
110 156
110 169
110 222
110 239
110 276
110 293
110 306
110 313
110 320
110 348
111 135
111 179
111 217
111 299
111 302
111 352
111 402
112 175
112 211
112 243
112 258
112 327
112 328
113 138
113 167
113 196
113 197
113 229
113 249
113 250
113 277
113 318
113 329
113 348
113 401
114 124
114 130
114 134
114 167
114 229
114 240
114 252
114 287
114 293
114 301
114 307
114 309
114 321
115 149
115 156
115 167
115 215
115 230
115 255
115 276
115 298
115 330
115 377
115 379
116 134
116 178
116 185
116 204
116 233
116 247
116 275
116 313
116 336
116 419
117 131
117 134
117 194
117 206
117 243
117 277
117 294
117 295
117 300
117 311
117 422
118 120
118 150
118 156
118 177
118 197
118 223
118 225
118 309
118 346
119 129
119 134
119 137
119 141
119 159
119 205
119 209
119 218
119 239
119 261
119 262
119 285
119 289
119 314
119 324
119 330
119 335
119 423
120 127
120 163
120 210
120 216
120 238
120 263
120 266
120 294
120 325
120 346
121 172
121 185
121 193
121 233
121 246
121 250
121 251
121 302
121 322
121 334
121 338
121 342
121 420
122 129
122 154
122 156
122 161
122 163
122 167
122 174
122 188
122 203
122 225
122 274
122 280
122 282
122 298
122 300
122 310
122 334
122 404
122 425
123 131
123 141
123 147
123 154
123 178
123 184
123 204
123 219
123 255
123 258
123 278
123 294
123 340
124 148
124 192
124 193
124 198
124 215
124 220
124 223
124 235
124 299
124 312
124 324
124 368
125 131
125 167
125 186
125 194
125 219
125 226
125 229
125 257
125 306
125 308
125 347
125 366
126 151
126 175
126 178
126 187
126 190
126 198
126 240
126 296
126 306
126 311
126 342
127 135
127 143
127 151
127 156
127 167
127 202
127 211
127 239
127 252
127 253
127 284
127 295
127 318
127 335
127 341
127 349
127 377
128 146
128 233
128 294
128 296
128 317
129 155
129 159
129 168
129 175
129 187
129 191
129 223
129 225
129 231
129 282
129 290
129 309
129 326
129 341
129 390
130 138
130 140
130 164
130 177
130 197
130 224
130 239
130 240
130 245
130 254
130 256
130 318
130 331
130 345
131 173
131 191
131 201
131 206
131 212
131 213
131 218
131 229
131 282
131 318
131 320
131 333
131 339
131 348
132 133
132 153
132 154
132 186
132 204
132 229
132 236
132 247
132 253
132 254
132 267
132 310
132 378
133 139
133 144
133 189
133 198
133 219
133 223
133 255
133 271
133 275
133 296
133 317
133 346
133 420
134 135
134 138
134 152
134 165
134 186
134 218
134 240
134 256
134 267
134 276
134 287
134 339
134 385
135 143
135 154
135 158
135 177
135 201
135 219
135 246
135 288
135 440
136 171
136 197
136 209
136 221
136 263
136 276
136 279
136 308
136 324
136 325
137 179
137 199
137 208
137 215
137 255
137 274
137 323
137 324
137 402
138 157
138 164
138 184
138 191
138 223
138 245
138 255
138 257
138 283
138 294
138 319
138 373
139 155
139 163
139 210
139 236
139 238
139 245
139 263
139 283
139 287
139 290
139 300
139 306
139 323
139 337
139 343
139 344
139 345
139 353
140 150
140 168
140 190
140 234
140 268
140 271
140 282
140 301
140 304
140 321
140 324
140 335
140 368
141 153
141 210
141 215
141 217
141 222
141 229
141 236
141 243
141 335
142 164
142 177
142 199
142 285
142 290
142 304
142 306
142 419
143 191
143 194
143 242
143 246
143 269
143 274
143 276
143 295
143 305
143 316
143 327
143 330
143 339
143 343
143 362
143 439
144 152
144 185
144 188
144 207
144 211
144 226
144 227
144 239
144 256
144 263
144 318
144 337
144 343
144 353
145 150
145 179
145 197
145 228
145 267
145 280
145 281
145 292
145 319
145 326
145 344
145 379
146 191
146 203
146 209
146 230
146 256
146 274
146 277
146 288
146 344
146 346
146 439
147 173
147 174
147 207
147 234
147 272
147 282
147 289
148 183
148 197
148 222
148 230
148 274
148 299
148 348
149 166
149 171
149 191
149 196
149 198
149 229
149 276
149 280
149 288
149 299
149 320
149 343
150 162
150 171
150 172
150 197
150 210
150 219
150 235
150 237
150 256
150 257
150 268
150 278
150 293
150 322
150 331
150 334
150 348
151 207
151 232
151 254
151 258
151 301
151 304
151 307
151 345
151 358
152 179
152 213
152 222
152 227
152 231
152 295
152 298
152 409
153 175
153 179
153 180
153 187
153 233
153 313
153 335
153 338
154 182
154 242
154 265
154 284
154 307
154 349
154 426
155 216
155 221
155 248
155 272
155 302
155 309
155 415
156 157
156 199
156 207
156 228
156 273
156 277
156 287
156 315
157 179
157 185
157 187
157 221
157 291
157 295
157 321
157 330
157 396
157 415
158 193
158 219
158 220
158 244
158 259
158 303
158 354
158 415
159 175
159 211
159 238
159 245
159 251
159 258
159 305
159 310
159 314
159 318
159 329
159 337
159 338
159 340
159 377
160 175
160 183
160 195
160 203
160 228
160 241
160 247
160 270
160 322
160 333
160 360
161 170
161 177
161 182
161 224
161 226
161 250
161 254
161 276
161 292
161 302
161 320
161 331
161 335
161 342
161 365
161 406
161 427
161 446
162 198
162 208
162 217
162 224
162 225
162 233
162 237
162 244
162 266
162 299
162 300
162 311
162 319
163 165
163 169
163 180
163 182
163 204
163 225
163 231
163 256
163 264
163 265
163 268
163 274
163 285
163 300
163 303
163 306
163 348
163 377
164 174
164 183
164 190
164 196
164 244
164 284
164 288
164 292
164 301
164 305
164 329
164 339
165 206
165 235
165 236
165 260
165 294
165 311
165 320
165 366
165 442
166 246
166 269
166 306
166 312
166 332
167 181
167 206
167 217
167 219
167 220
167 225
167 239
167 256
167 302
167 318
167 352
167 420
168 169
168 174
168 176
168 192
168 212
168 223
168 247
168 259
168 265
168 320
168 328
168 384
168 429
168 431
169 179
169 211
169 226
169 254
169 258
169 289
169 319
169 356
169 408
169 428
170 173
170 181
170 187
170 189
170 207
170 217
170 226
170 250
170 280
170 293
170 295
170 310
170 317
170 344
171 174
171 209
171 217
171 221
171 222
171 230
171 290
171 305
171 312
171 327
171 345
172 176
172 181
172 204
172 216
172 285
172 289
172 444
173 179
173 187
173 191
173 197
173 239
173 306
173 321
173 347
174 187
174 212
174 257
174 286
174 298
174 318
174 320
174 332
174 339
174 344
174 448
175 180
175 186
175 268
175 274
175 322
175 344
175 349
175 397
175 442
176 199
176 205
176 270
176 278
176 286
176 305
176 326
176 339
176 344
176 346
176 389
176 439
177 206
177 216
177 284
177 289
177 297
177 301
177 339
177 342
177 420
177 422
177 433
178 196
178 263
178 270
178 293
178 312
178 317
178 340
178 346
178 359
178 411
179 205
179 240
179 287
179 324
179 326
179 333
179 338
179 342
179 367
179 379
179 407
180 206
180 223
180 271
180 280
180 303
180 331
180 344
180 407
181 185
181 250
181 295
181 303
181 310
181 321
181 371
181 382
182 196
182 204
182 242
182 268
182 272
182 277
182 300
182 315
183 186
183 225
183 227
183 314
183 317
183 346
183 350
183 359
183 401
184 247
184 253
184 301
184 342
184 345
184 403
185 213
185 259
185 266
185 294
185 296
185 302
185 313
185 319
185 327
186 199
186 214
186 288
186 299
186 424
187 222
187 228
187 247
187 257
187 258
187 275
187 279
187 289
187 291
187 301
187 316
187 339
187 368
187 435
188 203
188 211
188 215
188 239
188 286
188 316
188 406
188 443
189 200
189 239
189 248
189 298
189 310
189 319
189 321
189 330
189 346
190 194
190 207
190 245
190 250
190 252
190 302
190 319
190 343
190 368
190 370
190 397
191 207
191 221
191 278
191 338
191 339
192 193
192 199
192 207
192 237
192 245
192 246
192 256
192 269
192 284
192 290
192 318
192 321
192 325
192 327
192 333
192 428
193 243
193 252
193 257
193 260
193 302
193 360
194 205
194 222
194 269
194 285
194 299
194 305
194 318
194 328
194 340
195 213
195 222
195 239
195 266
195 283
195 287
195 317
196 206
196 220
196 295
196 317
196 332
196 343
197 221
197 234
197 244
197 261
197 318
197 324
197 342
197 346
197 348
197 405
198 208
198 226
198 229
198 257
198 259
198 264
198 300
198 310
198 316
198 346
198 358
198 431
199 216
199 242
199 259
199 274
199 304
199 334
199 339
199 346
199 385
200 265
200 273
200 275
200 278
200 288
200 290
200 307
200 312
200 329
200 342
201 231
201 254
201 264
201 353
202 214
202 228
202 233
202 244
202 298
202 330
202 345
202 409
203 207
203 213
203 226
203 237
203 260
203 291
203 307
203 312
203 328
203 348
204 208
204 209
204 239
204 246
204 277
204 295
204 342
204 387
205 249
205 299
205 342
205 366
205 446
206 223
206 237
206 290
206 299
206 306
206 333
207 247
207 286
207 305
207 310
207 329
207 334
207 403
208 228
208 326
208 328
208 339
209 221
209 275
209 304
209 327
210 211
210 225
210 234
210 243
210 247
210 261
210 268
210 297
210 302
210 312
210 323
210 368
211 223
211 260
211 272
211 282
211 314
211 315
211 337
211 384
211 398
211 443
212 225
212 258
212 260
212 273
212 326
212 334
212 381
212 412
213 214
213 217
213 236
213 243
213 257
213 260
213 280
213 325
213 326
213 401
213 431
213 448
214 239
214 268
214 275
214 316
214 324
214 327
214 344
214 407
215 298
215 389
215 427
216 220
216 255
216 257
216 279
216 298
216 339
216 345
216 386
217 244
217 323
217 330
217 396
218 230
218 235
218 242
218 253
218 258
218 267
218 277
218 285
218 336
218 339
218 433
218 444
219 230
219 233
219 241
219 280
219 292
219 294
219 315
219 322
219 334
220 221
220 228
220 230
220 274
220 285
220 302
220 319
220 339
220 343
221 248
221 277
221 282
221 293
221 331
221 374
222 238
222 240
222 258
222 275
222 281
222 285
222 318
222 330
222 333
222 354
223 237
223 253
223 255
224 257
224 324
224 340
225 243
225 265
225 290
225 295
225 313
225 314
225 342
225 381
226 243
226 256
226 265
226 269
226 277
226 299
226 330
226 343
226 400
227 246
227 258
227 340
227 375
228 253
228 265
228 270
228 299
228 310
228 320
228 441
229 267
229 282
229 303
229 312
229 324
229 335
230 237
230 267
230 282
230 293
230 313
230 325
230 344
230 388
231 252
231 285
231 296
231 337
231 358
231 387
232 305
232 321
232 339
232 356
232 392
232 416
233 262
233 336
233 345
234 245
234 273
234 281
234 289
234 329
234 349
234 364
235 263
235 284
235 304
236 283
236 303
236 319
236 328
236 347
237 252
237 286
237 305
237 326
237 327
237 333
237 347
237 392
237 431
238 252
238 255
238 284
238 285
239 252
239 253
239 268
239 328
239 339
239 358
239 381
239 400
239 411
240 245
240 265
240 270
240 276
240 317
240 328
240 350
241 249
241 263
241 276
241 293
241 383
242 258
242 282
242 295
242 383
242 398
243 258
243 276
243 290
243 317
243 411
244 246
244 282
244 290
244 321
244 367
244 431
245 261
245 269
246 251
246 277
246 299
246 325
247 249
247 282
247 286
247 306
247 310
247 320
247 325
247 342
247 346
247 425
248 259
248 274
248 276
248 284
248 288
248 302
248 345
248 399
249 293
249 294
249 295
249 302
249 306
249 310
249 320
249 322
249 338
249 394
250 293
250 297
250 349
251 276
251 288
251 305
251 316
251 319
251 324
251 442
252 322
252 324
252 414
253 269
253 279
253 324
253 330
253 334
254 262
254 278
254 299
254 317
254 342
255 264
255 274
255 282
255 296
255 303
255 306
255 310
255 346
256 262
256 265
256 277
256 280
256 290
256 304
256 331
256 392
257 275
257 283
257 321
257 350
257 375
258 263
258 274
258 279
258 322
258 398
259 263
259 301
259 303
259 308
259 317
259 341
260 268
260 272
260 314
260 369
262 283
262 300
262 304
263 272
263 289
263 356
263 414
263 436
264 277
264 289
264 319
264 327
264 342
265 281
265 310
265 313
265 328
265 348
265 366
265 399
266 340
266 348
266 401
268 298
268 331
268 332
268 433
269 313
269 318
269 332
271 286
271 340
271 346
271 350
271 430
272 279
272 281
272 282
272 305
272 317
272 333
272 342
272 364
272 400
272 405
273 289
273 337
273 406
274 276
274 294
274 296
274 314
274 320
274 346
274 347
274 391
274 444
275 332
275 378
276 285
276 298
276 301
276 430
277 287
277 295
277 329
277 342
278 288
278 300
278 319
278 320
278 336
279 283
279 295
279 298
279 321
280 284
280 308
281 333
281 351
281 407
282 309
282 326
282 342
282 405
282 439
283 315
283 319
283 360
283 362
283 436
284 308
284 333
285 293
285 305
285 328
285 329
285 347
285 427
286 287
286 315
286 370
286 389
287 345
287 362
288 297
288 308
288 325
288 330
288 340
288 345
289 299
289 310
289 316
289 334
289 426
290 293
290 305
290 330
290 333
290 338
290 429
291 331
291 445
292 300
292 305
292 314
292 331
292 341
292 397
292 438
293 295
293 306
293 314
293 336
293 352
293 368
294 305
294 327
294 330
295 310
295 323
295 325
295 331
295 338
295 379
295 388
295 419
296 335
296 362
297 319
297 335
297 394
298 299
298 334
298 335
298 336
298 383
298 411
299 300
299 310
299 314
299 365
299 408
300 304
300 311
300 320
301 311
301 324
302 329
302 353
303 304
303 331
303 342
304 347
304 384
305 320
305 349
305 405
305 448
306 317
306 329
306 337
306 422
307 309
307 312
307 329
307 342
307 346
307 347
307 384
307 406
308 309
309 326
309 328
309 329
309 345
309 384
309 394
310 334
310 354
310 398
310 407
311 315
311 343
312 328
312 346
312 438
313 326
313 402
314 320
314 346
314 438
315 317
315 324
315 340
315 348
315 439
316 320
316 326
316 337
317 332
317 337
317 341
317 345
318 386
318 418
319 349
319 369
320 330
320 332
320 340
320 349
321 329
321 342
322 337
322 343
323 325
323 329
323 345
323 395
324 327
325 443
326 382
326 438
327 348
327 377
328 390
328 419
329 330
329 340
329 341
329 343
329 345
329 355
329 362
329 364
329 381
329 422
330 335
331 343
331 381
331 425
332 334
332 346
332 353
333 356
333 423
334 347
334 372
334 432
335 340
335 347
335 368
336 347
336 360
336 417
337 438
338 349
340 420
341 439
344 358
344 360
344 430
344 436
344 449
348 349
349 411
350 378
350 379
350 392
350 398
350 406
350 417
350 440
351 371
351 383
351 395
351 412
352 362
352 414
352 429
352 440
353 357
353 365
353 376
353 385
353 395
353 401
353 435
353 445
353 448
354 364
354 367
354 389
354 423
354 441
355 424
355 444
356 380
356 402
356 417
357 373
357 390
357 398
357 402
357 438
358 397
358 435
358 436
358 447
359 376
359 394
359 403
359 409
359 417
360 365
360 386
360 403
361 440
362 428
362 449
363 374
363 375
363 377
363 432
364 365
364 366
364 395
364 413
364 414
364 420
364 441
365 366
365 380
365 394
365 415
365 420
366 371
366 385
366 391
366 393
367 397
367 427
367 431
367 447
367 449
368 388
368 415
368 423
368 444
369 422
369 440
370 422
370 423
370 426
370 439
371 416
371 424
371 448
372 386
372 397
372 410
372 411
372 418
373 444
374 386
374 412
374 424
375 386
375 412
375 414
375 429
376 377
376 390
376 398
376 429
376 446
377 405
377 419
378 385
378 413
378 432
378 438
378 441
378 449
379 396
379 424
379 428
380 381
380 436
381 392
381 402
381 404
381 422
381 439
382 383
382 405
382 420
383 387
383 406
383 412
383 413
383 428
383 436
383 442
383 444
384 408
384 414
384 415
385 411
385 437
386 388
387 425
387 442
388 389
388 446
388 447
389 404
389 418
389 419
389 432
390 407
390 441
390 442
391 404
391 428
391 429
391 430
391 447
391 449
392 446
393 404
393 427
394 400
394 417
394 438
395 420
395 439
396 441
397 426
397 432
397 435
398 411
398 416
398 431
398 439
398 445
399 423
399 431
399 441
400 415
400 440
400 444
401 413
401 414
401 416
401 428
401 442
401 444
402 420
402 438
402 443
403 406
403 421
404 434
406 440
407 430
408 410
408 419
408 426
408 427
409 434
410 440
410 442
411 428
411 446
412 424
412 436
413 421
413 427
413 432
414 418
415 423
415 427
416 424
417 420
417 439
417 441
420 425
421 436
421 448
422 449
423 424
423 435
423 446
425 426
428 435
428 446
430 431
430 437
430 438
436 442
436 445
437 442
439 441
440 447
440 449
